0       305     377     298     392     368     1151    1414    99      35      215     99      833     1265    1485    
305     0       235     145     430     278     1209    1541    267     281     303     317     895     1349    1605    
377     235     0       376     240     59      984     1335    401     374     487     320     676     1129    1396    
298     145     376     0       543     412     1331    1645    219     264     196     353     1014    1465    1711    
392     430     240     543     0       180     789     1110    466     410     580     295     470     922     1174    
368     278     59      412     180     0       932     1278    407     371     503     299     622     1075    1339    
1151    1209    984     1331    789     932     0       429     1239    1177    1358    1051    319     164     464     
1414    1541    1335    1645    1110    1278    429     0       1511    1446    1630    1322    666     269     75      
99      267     401     219     466     407     1239    1511    0       65      119     190     920     1358    1581    
35      281     374     264     410     371     1177    1446    65      0       183     126     859     1294    1516    
215     303     487     196     580     503     1358    1630    119     183     0       309     1039    1477    1700    
99      317     320     353     295     299     1051    1322    190     126     309     0       733     1168    1391    
833     895     676     1014    470     622     319     666     920     859     1039    733     0       453     723     
1265    1349    1129    1465    922     1075    164     269     1358    1294    1477    1168    453     0       299     
1485    1605    1396    1711    1174    1339    464     75      1581    1516    1700    1391    723     299     0       
